# Number of parameters = 120  Objective function value = 4541.41  Maximum gradient component = 5.78566e-005
# log_L50:
 1.60944
# log_sigma1:
 0.00000
# log_sigma2:
 9.20000
# log_Ro:
4.56855314118
# dev_log_Ro:
 0.0146684024710 0.0166801177799 0.0191838772117 0.0222990457068 0.0261813431062 0.0309608853520 0.0368371276900 0.0441426166215 0.0531788655185 0.0642608800122 0.0767624779243 0.0906711361327 0.106102105320 0.123204339440 0.143403570981 0.165923758005 0.189251937346 0.217734807244 0.251009555722 0.292698075484 0.348554369346 0.389330692480 0.435739218924 0.647295869076 0.737141923010 0.00781176346939 -0.248710780989 0.453305907633 -0.171544070382 -0.477610044226 -0.314055766372 -0.286443851344 -0.284598875718 0.133608274211 0.246635399958 -0.198640914909 0.0654702283706 -0.134072977816 -0.442681712118 -0.706954424542 -0.849643015535 -0.0905324884910 0.468552797487 0.103864919884 0.100796904926 0.541710762731 -0.182921536472 0.0826890162790 -0.302307905028 -0.145284946260 -0.324191645057 -0.108079103184 -0.118324972793 -0.145016609438 -0.304100640491 -0.253613996403 -0.501144523032 -0.163576165522 0.00638799326925
# dev_log_No:
 0.00000000000 0.00000000000 0.00000000000 0.00000000000 0.00000000000 0.00000000000 0.00000000000 0.00000000000 0.00000000000 0.00000000000 0.00000000000 0.00000000000
# log_F:
 -10.7849406222 -10.0917854995 -10.7851839966 -10.0933391605 -10.7887575606 -10.0980713114 -10.1007226190 -6.70189541285 -5.57156971587 -4.22220846170 -3.95383791382 -2.95785561716 -4.84767523019 -6.97865948234 -4.62760515523 -4.41386650561 -2.55761369346 -2.15312534081 -2.25217197619 -1.25502381809 -1.29539257567 -0.758098496242 -0.922380016892 -0.750986778331 -0.671109930890 -0.765265885173 -1.07803372876 -1.25055010640 -1.40806640573 -1.11839550374 -1.62788798575 -1.37079214817 -0.884500534081 -0.949074919602 -0.619805219054 -0.246962137884 -1.14988602029 -0.380129010535 -1.85587622465 -0.893600831373 -0.818586699198 -1.22901761574 -0.428168185881 -1.20222686860 -0.525043398693 -0.804171969632 -1.12716246581 -0.566629914020 -0.683835114963 -0.518984984941 -0.496916031302 -1.02176775225 -1.51935119426 -1.35340068526 -1.32689930557 -1.41546477362 -1.02159802345 -0.979934827552 -1.07208873682
# log_qflo:
 -4.74341013397
# log_b:
0.00000000000
# log_Lo:
3.91202300543
# log_cv_edad:
-2.30258509299
